Morocco|1|207|1564|255|1488|209|1501|t|403,1470,319,1503,294,1485,271,1498,234,1472,198,1494,193,1528,145,1594,110,1604,89,1623,439,1623
Algeria|2|498|1553|395|1451|443|1497|c|Bejaia|3|660,1413,589,1401,551,1430,508,1429,403,1469,440,1623,702,1623,715,1550,676,1552
Tunis|3|769|1493|745|1543|839|1417|t|949,1408,895,1379,815,1417,751,1399,659,1409,676,1553,716,1550,702,1623,971,1623,942,1582,923,1570,911,1588,897,1558,940,1539,954,1495,921,1447,949,1430
Portugal|4|54|1279|67|1196|97|1334|t|197,1199,102,1184,86,1246,57,1274,65,1319,94,1331,82,1411,166,1403,161,1371,184,1355,181,1308,166,1269,186,1256
Leon_Castile|5|149|1105|197|1284|100|1059|g|Madrid|3|1|265,1056,184,1049,143,1019,58,1068,87,1097,86,1154,102,1185,198,1198,186,1254,166,1268,181,1307,184,1353,161,1370,167,1403,210,1455,277,1442,255,1408,262,1394,296,1386,307,1368,369,1360,360,1304,369,1287,393,1277,392,1257,325,1240,297,1211,305,1155,277,1149,274,1094
Navarre|6|283|1079|287|1112|285|1029|t|412,1056,371,1066,321,1050,265,1056,274,1095,277,1148,305,1156,371,1161,386,1129,427,1137,443,1079
Valencia|7|317|1185|406|1229|398|1138|t|460,1146,385,1129,371,1161,305,1156,297,1211,324,1239,392,1257,392,1278,409,1288,416,1310,444,1348,477,1320,453,1282,483,1242,485,1222,464,1206
Granada|8|269|1387|3331|1320|360|1297|t|443,1348,416,1310,410,1289,392,1278,368,1289,360,1303,368,1360,306,1369,296,1387,262,1393,256,1409,277,1442,298,1425,379,1422,443,1378
Barcelona|9|435|1101|485|1138|525|1135|t|600,1102,555,1083,443,1078,427,1138,460,1146,464,1206,484,1223,507,1217,509,1194,543,1188,580,1282,658,1254,568,1166,606,1140
Brittany|10|285|784|267|813|282|734|t|395,767,270,758,268,810,379,852,374,868,408,855,413,828
Normandy|11|398|734|403|761|357|682|t|516,701,392,727,396,767,406,803,496,785,531,759,537,736
France|12|437|874|431|944|454|804|g|Paris|3|2|561,633,538,648,521,699,516,701,537,736,531,757,497,785,405,802,414,827,408,854,374,867,419,900,412,1055,444,1077,555,1084,598,1100,616,1066,599,979,568,959,585,881,640,816,603,757,666,729,568,685
Lorraine|13|580|640|663|744|690|686|t|679,517,629,591,561,633,568,684,665,729,602,757,639,814,731,858,784,862,821,819,803,721,763,693
Burgandy|14|590|915|617|974|643|842|t|783,863,731,857,641,813,585,882,569,960,599,979,615,1060,720,1078,779,1044,737,976,798,879
Ireland|15|121|437|31|552|57|471|c|Dublin|2|223,438,157,405,114,414,103,451,64,464,43,513,63,525,64,551,42,560,43,619,103,619,153,588,188,589,210,553,209,471,233,469
Scotland|16|207|297|257|335|251|231|t|365,203,340,200,246,220,182,243,140,288,139,321,166,348,182,393,221,413,256,448,314,437,363,434,387,392,352,370,390,296,345,242
Wales|17|278|573|222|488|285|519|t|325,503,277,502,259,547,298,563,238,590,252,619,302,617,335,627,382,588,338,513
England|18|346|487|382|420|356|596|g|London|3|3|389,392,362,434,314,438,324,502,338,513,382,588,335,627,283,628,269,661,218,681,218,691,243,703,310,689,324,661,509,658,529,637,548,566,541,547,493,529,452,474,458,455,449,442,417,442
Lombardy|19|770|957|843|995|923|965|t|988,957,932,957,892,939,876,902,844,908,822,903,798,879,737,976,779,1043,824,1030,848,1004,904,1029,898,1079,957,1117,986,1045,997,992,1009,974
Sardinia|20|836|1214|849|1238|826|1106|t|878,1121,857,1094,826,1107,823,1215,826,1285,876,1278,882,1194
Rome|21|967|1061|931|1138|995|1007|g|Rome|4|4|992,1015,985,1043,957,1117,1005,1169,1045,1175,1039,1125,1071,1101,1052,1052
Sicily|22|1057|1168|1053|1318|1066|1112|t|1072,1101,1039,1125,1044,1175,1108,1240,1141,1263,1128,1333,1002,1340,994,1377,1081,1424,1116,1419,1122,1369,1168,1349,1249,1262,1254,1235,1224,1201,1167,1174,1154,1139,1094,1132
Saxony|23|783|624|775|564|890|643|g|Berlin|4|5|908,521,918,555,892,579,894,595,865,612,805,569,768,567,750,603,725,613,762,692,783,706,824,689,951,704,963,632,1011,631,1006,566,947,526
Franconia|24|803|712|805|746|867|741|t|950,704,825,689,783,705,803,720,822,819,905,820,922,809,924,748,948,735
Zurich|25|828|881|779|818|785|831|c|Zurich|2|906,820,822,819,783,863,821,903,844,908,918,893
Bohemia|26|1004|696|967|635|995|617|t|1163,706,1060,651,1063,620,1011,632,964,631,951,704,949,735,1001,735,1036,781,1120,781,1146,773
Bavaria|27|924|830|926|882|947|763|t|1001,735,949,735,924,749,922,807,906,818,918,893,876,902,892,939,933,957,989,957,1028,945,1042,895,1073,878,1036,781
Friesland|28|721|523|689|448|771|477|t|904,509,838,484,815,514,814,492,681,519,725,612,750,602,768,567,804,568,864,613,894,595,892,579,918,554
Denmark|29|897|483|844|361|837|427|t|1087,498,1053,453,1029,440,1026,458,998,458,993,446,1004,401,993,377,939,362,950,310,919,286,888,286,873,313,804,315,798,340,801,399,820,419,808,449,837,485,903,509,907,520,947,526,1005,565,1011,631,1062,620,1056,578,1096,519
Pomerania|30|1072|550|1083|482|1126|453|t|1202,449,1088,498,1096,520,1056,579,1062,620,1118,597,1128,611,1208,617,1244,574,1249,545,1214,535,1177,544,1189,499,1213,486
Poland|31|1147|637|1354|580|1341|660|c|Warsaw|2|1452,585,1420,579,1381,547,1358,571,1324,558,1250,545,1244,573,1207,617,1128,611,1118,597,1063,619,1060,650,1162,706,1210,718,1349,725,1407,714,1469,630
Prussia|32|1245|482|1248|517|1310|412|t|1377,433,1307,432,1327,457,1261,468,1244,434,1201,448,1213,484,1191,499,1177,543,1214,535,1249,544,1324,557,1358,571,1381,548,1380,527,1422,492,1427,479,1384,461
Highlands|33|1157|727|1085|774|1184|765|t|1349,725,1210,718,1163,706,1147,773,1120,781,1036,781,1058,838,1109,824,1166,835,1269,807,1288,767,1324,759
Hungary|34|1277|860|1325|774|1433|895|c|Vienna|3|1408,714,1348,724,1324,759,1288,768,1269,807,1169,835,1110,825,1057,838,1073,878,1041,894,1035,922,1153,949,1184,971,1189,1005,1227,1031,1258,1047,1319,1020,1309,975,1339,958,1389,985,1471,978,1521,954,1611,948,1569,833,1494,791,1494,764
Venice|35|1098|989|1085|1022|1051|922|t|1227,1032,1189,1005,1184,971,1153,949,1035,922,1029,944,1053,980,1103,975,1105,1012,1147,1058,1188,1064,1222,1094
Galacia|36|1604|819|1627|863|1557|748|t|1796,772,1752,767,1721,791,1652,744,1625,743,1605,712,1585,711,1584,693,1468,631,1408,715,1494,763,1494,791,1569,833,1612,949,1654,958,1714,940,1718,945,1768,910,1771,894,1796,892
Serbia|37|1275|1044|1337|978|1318|968|t|1469,977,1389,985,1339,958,1310,975,1318,1020,1258,1047,1227,1031,1222,1098,1255,1120,1313,1107,1345,1120,1390,1114,1405,1067,1478,1015
Greece|38|1342|1164|1409|1358|1308|1208|c|Athens|2|1505,1108,1398,1090,1390,1114,1346,1120,1313,1108,1280,1115,1280,1134,1293,1158,1285,1213,1348,1300,1338,1365,1427,1450,1470,1506,1564,1517,1574,1504,1580,1368,1510,1329,1510,1293,1461,1245,1481,1239,1490,1220,1479,1203,1504,1188
Bulgaria|39|1493|1027|1540|955|1516|1065|t|1714,939,1653,958,1611,948,1521,954,1472,977,1478,1015,1406,1067,1397,1090,1505,1108,1506,1120,1650,1101,1668,1060,1680,1053,1688,979,1715,989,1724,955
Turkey|40|1650|1287|1635|1327|1684|1229|g|Constantinople|3|6|1796,1167,1717,1175,1665,1156,1651,1101,1505,1120,1504,1188,1478,1202,1490,1220,1481,1239,1461,1245,1510,1292,1510,1329,1579,1368,1575,1465,1642,1470,1672,1422,1688,1422,1707,1453,1769,1449,1796,1424
Norway|41|740|108|791|18|763|159|t|759,0,703,31,666,89,675,178,698,239,758,270,842,256,877,220,925,196,924,159,981,143,1008,111,1023,0
Sweden|42|1018|159|1045|65|988|220|g|Stockholm|3|7|1022,0,1008,112,981,143,923,158,925,196,954,285,969,302,975,325,1007,338,997,361,1016,404,1069,406,1066,382,1081,374,1091,378,1149,366,1172,353,1189,332,1251,327,1270,307,1273,274,1178,268,1191,220,1242,217,1280,167,1253,136,1212,126,1193,79,1230,31,1238,0
Finland|43|1443|59|1393|102|1377|17|t|1356,0,1357,25,1375,69,1372,136,1435,170,1467,177,1477,164,1644,135,1653,0
Lithuania|44|1366|351|1370|286|1388|388|t|1480,329,1420,290,1382,295,1363,328,1361,433,1376,433,1385,462,1428,479,1439,434,1479,440,1516,390,1545,393,1531,354,1480,329
Polotsh|45|1400|506|1431|440|1501|391|t|1553,394,1517,391,1480,440,1439,435,1423,499,1381,530,1382,548,1419,580,1453,585,1523,544,1572,431
Estonia|46|1500|220|1501|270|1592|262|t|1650,190,1577,180,1479,190,1410,210,1387,261,1494,164,1480,328,1531,355,1545,394,1554,393,1578,380,1602,346,1657,328,1655,290,1670,264
Smolensk|47|1609|431|1567|468|1606|368|t|1796,345,1769,362,1684,360,1658,328,1602,346,1579,379,1553,394,1573,431,1523,544,1653,544,1710,527,1736,545,1740,563,1769,555,1771,542,1796,536
Rusland|48|1560|604|1567|648|1502|579|g|Kiev|2|8|1796,536,1771,542,1769,555,1741,563,1736,545,1711,527,1653,544,1524,544,1454,585,1468,630,1584,693,1586,712,1605,712,1626,743,1652,745,1722,791,1753,766,1796,773
Novgorod|49|1659|37|1657|272|1727|126|c|Novgorod|4|1796,0,1654,0,1645,135,1672,129,1676,148,1707,167,1651,190,1669,264,1655,290,1658,328,1683,359,1770,362,1796,344