Terr Name|Army|Center
Morocco|255|1488|209|1501
Algeria|517|1392|443|1497
Tunis|745|1543|839|1417
Portugal|67|1196|97|1334
Leon_Castile|197|1284|100|1059
Navarre|287|1112|285|1029
Valencia|406|1229|398|1138
Granada|3331|1320|360|1297
Barcelona|485|1138|525|1135
Brittany|245|824|282|734
Normandy|437|666|357|682
France|431|944|454|804
Lorraine|663|744|690|686
Burgandy|617|974|643|842
Ireland|31|552|57|471
Scotland|257|335|251|231
Wales|222|488|285|519
England|382|420|356|596
Lombardy|843|995|923|965
Sardinia|849|1238|826|1106
Rome|931|1138|995|1007
Sicily|1053|1318|1066|1112
Saxony|751|558|890|643
Franconia|805|746|867|741
Zurich|779|818|785|831
Bohemia|967|635|995|617
Bavaria|926|882|947|763
Friesland|689|448|771|477
Denmark|844|361|837|427
Pomerania|1083|482|1126|453
Poland|1354|580|1341|660
Prussia|1225|420|1310|412
Highlands|1085|774|1184|765
Hungary|1325|774|1433|895
Venice|1085|1022|1051|922
Galacia|1627|863|1557|748
Serbia|1337|978|1318|968
Greece|1409|1358|1308|1208
Bulgaria|1540|955|1516|1065
Turkey|1635|1327|1684|1229
Norway|791|18|763|159
Sweden|1045|65|988|220
Finland|1393|102|1377|17
Lithuania|1343|278|1388|388
Polotsh|1429|416|1501|391
Estonia|1501|270|1592|262
Smolensk|1567|468|1606|368
Rusland|1567|648|1502|579
Novgorod|1657|272|1727|126